Event	   Before	After	
IC160427A: 42.55404 h	4.94844 h
IC160731A: 2.27994 h	4.03470 h
IC160814A: 22.01460 h	26.52084 h
IC161103A: 105.5 sec	2.5 sec
IC161210A: 321.02560 h	84.32000 h
IC170312A: 4.03165 h	44.08427 h
IC170321A: 4.76684 h	19.29868 h
IC170922A: 10.71349 h	13.10867 h
IC171106A: 12.90977 h	1.41487 h
IC181023A: 38.38822 h	1.40210 h
IC190104A: 7.02017 h	16.83079 h
IC190221A: 23.66530 h	127.5 sec
IC190331A: NaN		93.08431 h
IC190503A: 35.43256 h	115.2 sec
IC190619A: 1.22562 h	17.45910 h
IC190629A: 34.62716 h	89.15812 h
IC190704A: 19.33963 h	3.98573 h
IC190712A: NaN		57.35749 h
IC190730A: 43.37361 h	5.30943 h
IC190922B: 39.49679 h	11.13001 h
IC191001A: 18.94161 h	3.47439 h
IC191122A: 23.62243 h	2844.5 sec
IC191204A: 1.81925 h	5.10331 h
IC191215A: 200.95825 h	85.68335 h
IC191231A: 12.85977 h	19.77447 h
IC200107A: 22.21870 h	212.13074 h
IC200109A: 37.18362 h	10.26821 h
IC200117A: 28.45014 h	25.73298 h
IC200410A: 12.65088 h	10.43520 h
IC200421A: 69.78279 h	NaN
IC200425A: 20.74909 h	4.27475 h
IC200512A: 6.73285 h	2.01779 h
IC200523A: 1.25843 h	23.13013 h
IC200530A: 1752.8 sec	144.5 sec
IC200614A: 21.81576 h	1.71408 h
IC200615A: 20.97821 h	1.95187 h
IC200620A: 33.81713 h	711.3 sec
IC200911A: 3.74551 h	117.3 sec
IC200916A: 6.49150 h	5.53250 h
IC200926A: 78.42195 h	4.80237 h
IC200929A: 10.11703 h	2.18441 h
IC201007A: 43.40596 h	52.13972 h
IC201021A: 4.81258 h	18.48854 h
IC201114A: 7.96781 h	123.4 sec
IC201115A: NaN		109.56317 h
IC201120A: 4.44828 h	15.27876 h
IC201130A: 15.16163 h	80.0 sec
IC201209A: 5.25701 h	14.57131 h
IC201221A: NaN		288.36363 h
IC201222A: 106.41926 h	14.87962 h
IC210210A: 3.92671 h	131.1 sec
IC210503A: 16.46070 h	10.66266 h
IC210510A: 41.79223 h	25.20881 h
IC210516A: 255.66738 h	NaN
IC210608A: 15.47480 h	3.71584 h
IC210629A: 35.94820 h	19.91372 h
IC210717A: 6.82285 h	10.71035 h
IC210811A: 7.04740 h	127.7 sec
